ATRNL1_chr10_117154148	BDNF-AS_chr11_27698664	RRP8_chr11_6622747	FGD4_chr12_32793457	LINC00052_chr15_88122589	SIGLEC10_chr19_51917709	INHA_chr2_220440226	CMTM8_chr3_32280281	PCDH7_chr4_31148165	FAM105A_chr5_14612901	BRD7P3_chr6_118822648	TRRAP_chr7_98575882	RIMS2_chr8_105025789	ZC3H3_chr8_144550709	PLEC_chr8_144995042	XPO7(NM_015024:exon3:c.259+1G>A)_chr8_21827088	clusters
0	0	0	0	0	1	0	0	0	0	0	0	0	1	0	1	1
0	0	0	0	0	1	0	0	0	0	1	0	0	1	1	1	1
0	0	0	0	0	1	0	0	0	0	1	0	0	1	0	1	1
0	0	1	0	0	1	0	0	1	0	0	0	1	1	1	1	1
0	0	0	0	0	1	0	0	0	0	0	0	0	1	1	1	1
0	0	0	0	0	0	0	0	0	0	1	0	0	1	1	1	1
0	0	0	0	0	1	0	0	0	0	1	0	1	0	1	1	1
0	0	0	0	0	1	0	0	0	0	1	0	1	1	1	1	1
0	0	0	0	0	1	0	0	0	0	1	0	0	1	1	1	1
0	0	0	0	0	1	0	0	0	0	1	0	1	1	1	1	1
0	0	0	0	0	1	0	0	0	0	1	0	1	1	0	0	1
0	0	0	0	0	0	1	0	0	0	1	0	1	1	1	1	1
0	0	0	0	0	1	0	0	0	0	1	0	1	1	1	1	1
0	1	0	0	0	1	0	0	0	0	0	0	1	1	1	1	1
0	0	0	0	0	0	0	0	0	0	1	0	1	1	1	1	1
0	0	0	0	0	1	0	0	0	0	0	0	0	1	1	0	1
0	0	0	0	0	1	0	0	0	0	1	0	1	0	1	1	1
0	0	0	0	0	1	0	0	0	0	1	0	0	0	0	1	1
0	0	0	0	0	0	0	0	0	0	0	0	1	1	1	1	1
0	0	0	0	0	1	0	0	0	0	1	0	1	1	1	1	1
0	0	0	0	0	1	0	0	0	0	1	0	0	1	1	1	1
0	0	0	0	0	1	0	0	0	0	1	0	1	0	1	1	1
0	0	0	0	0	1	0	0	0	0	1	0	1	1	1	1	1
0	0	0	0	0	1	0	0	0	0	0	0	1	1	1	1	1
0	0	0	0	0	1	0	0	0	0	0	0	1	1	1	1	1
0	0	0	0	0	0	0	0	0	0	1	0	1	1	1	1	1
0	0	0	0	0	1	0	0	0	0	1	0	1	1	1	1	1
0	0	0	0	0	1	0	0	0	0	1	0	1	1	1	1	1
0	0	0	0	0	1	0	0	0	0	1	0	1	1	1	1	1
0	0	0	0	0	1	0	0	0	0	0	0	1	1	1	1	1
0	0	0	0	0	1	0	0	0	0	1	0	1	1	1	1	1
0	0	0	0	0	1	0	0	0	0	0	0	1	1	1	1	1
0	0	0	0	0	0	0	0	0	0	0	0	0	0	1	1	1
0	0	1	0	0	1	0	0	0	0	1	0	1	1	1	1	1
0	0	0	0	0	1	0	0	0	0	1	0	1	0	0	1	1
0	1	1	1	0	1	0	1	1	1	0	0	1	0	0	0	2
1	1	1	1	0	1	0	0	0	1	0	0	1	1	1	0	2
0	1	1	1	0	1	1	1	0	1	0	0	0	0	1	0	2
0	1	0	0	0	0	0	0	0	0	0	0	0	0	0	0	2
0	1	1	1	0	1	0	0	0	0	0	0	1	0	1	0	2
0	1	1	1	0	0	1	0	1	1	0	0	1	0	1	0	2
0	1	1	1	0	1	1	1	1	0	0	0	1	0	1	0	2
1	1	1	1	1	1	1	1	1	1	1	1	1	1	1	1	2
0	1	1	1	0	1	1	1	1	1	0	0	1	0	1	0	2
0	1	1	1	0	1	1	1	1	0	0	0	1	0	1	0	2
0	0	0	0	0	0	1	0	0	0	0	0	0	0	0	0	2
0	1	1	1	0	1	1	1	1	1	0	0	0	0	1	0	2
0	1	1	1	0	1	0	1	0	0	0	0	1	0	1	0	2
1	1	1	1	0	1	0	0	0	1	0	1	0	1	1	0	2
0	0	1	1	0	1	0	1	1	1	0	0	1	0	1	0	2
0	1	1	1	0	1	0	1	1	1	0	0	0	1	0	0	2
0	1	1	1	0	1	1	1	1	1	0	0	1	0	1	0	2
0	1	1	1	0	1	1	1	1	1	0	0	1	0	0	0	2
0	0	1	1	0	1	1	1	0	1	0	0	0	0	1	0	2
0	1	1	0	0	1	1	0	0	1	0	0	1	0	1	0	2
0	1	1	1	0	1	1	1	1	1	0	0	1	0	1	0	2
0	1	1	1	0	0	1	0	1	1	0	0	0	0	0	0	2
0	0	1	0	0	0	1	1	0	0	0	0	1	0	1	0	2
0	1	1	1	0	1	0	0	0	1	0	0	1	0	1	0	2
0	1	1	1	0	1	0	1	1	1	0	0	1	0	0	0	2
0	1	1	1	0	1	1	0	1	1	0	0	1	0	1	0	2
0	1	0	1	0	1	1	0	1	1	0	0	1	0	1	0	2
0	1	1	1	0	1	1	1	1	0	0	0	1	0	0	0	2
0	1	1	1	0	1	1	1	1	0	0	0	0	0	1	0	2
0	1	1	1	0	1	1	0	0	1	0	0	1	0	1	0	2
0	1	1	1	0	1	1	1	1	1	0	0	1	0	1	0	2
0	1	1	0	0	1	1	0	1	1	1	0	0	1	1	1	2
1	1	1	1	0	1	0	0	0	1	0	0	0	0	0	1	2
1	1	1	1	1	1	1	0	1	1	1	1	1	1	1	1	2
0	1	1	1	0	1	1	0	0	1	0	0	0	0	1	0	2
0	1	1	1	0	0	1	1	1	1	0	0	1	0	1	0	2
0	1	1	1	0	0	0	0	1	1	0	1	1	0	1	0	3
1	1	1	1	1	1	0	0	1	1	0	1	1	0	1	0	3
0	1	1	1	0	1	0	0	1	1	0	1	1	1	1	0	3
1	0	1	1	0	1	0	0	1	0	0	1	0	0	1	0	3
1	1	1	1	0	1	0	0	1	1	0	0	1	0	1	0	3
1	1	1	1	0	0	0	0	1	1	0	1	1	0	1	0	3
1	1	1	1	0	1	0	0	1	1	0	1	1	0	1	0	3
1	1	1	1	0	1	0	0	1	0	0	1	0	0	1	0	3
1	1	1	1	0	1	0	0	1	1	0	1	1	0	1	0	3
1	1	1	1	0	1	0	0	1	1	0	1	1	0	1	0	3
0	1	0	1	0	1	0	0	1	1	0	1	1	0	1	0	3
0	1	1	1	0	1	0	0	1	1	0	1	1	0	1	0	3
1	1	1	1	0	1	0	0	1	1	0	1	1	0	0	0	3
1	1	1	1	0	1	0	0	1	0	0	0	1	0	1	0	3
1	1	0	1	0	1	0	0	1	1	0	1	1	0	0	0	3
1	0	0	1	0	1	0	0	1	1	0	1	1	0	0	0	3
1	1	0	0	0	1	0	0	1	0	0	1	0	0	1	0	3
0	0	0	0	1	1	0	0	0	0	0	0	1	0	0	0	4
0	0	0	0	1	0	0	0	0	0	0	0	1	0	1	0	4
0	0	0	0	0	1	0	0	0	0	0	0	1	0	0	0	4
0	0	0	0	0	1	0	0	0	0	0	0	1	0	0	0	4
0	0	0	0	1	1	0	0	0	0	0	0	0	0	1	0	4
0	0	0	0	0	1	0	0	0	0	0	0	1	0	0	0	4
0	0	0	0	1	1	0	0	0	0	0	0	1	0	1	0	4
0	0	0	0	0	0	0	0	0	0	0	0	1	0	0	0	4
0	0	0	0	1	1	0	0	0	0	0	0	1	0	0	0	4
0	0	0	0	1	1	0	0	0	0	0	0	1	0	1	0	4
0	0	0	0	1	1	0	0	0	0	0	0	1	0	0	0	4
0	0	0	0	1	1	0	0	0	0	0	0	1	0	1	0	4
0	0	0	1	0	1	1	0	1	0	0	0	1	0	1	0	5
0	0	0	0	0	1	0	0	0	0	0	0	1	0	1	0	5
0	0	0	1	0	1	0	0	0	0	0	0	1	0	1	0	5
0	0	0	0	0	1	0	0	0	0	0	0	1	0	1	0	5
0	0	0	0	0	1	0	0	0	0	0	0	1	0	1	0	5
0	0	0	0	0	1	0	0	0	0	0	0	1	0	1	0	5
0	0	0	1	0	1	0	0	0	0	0	0	1	0	1	1	5
0	0	0	0	0	1	0	0	0	0	0	0	1	0	1	0	5
0	0	0	0	0	1	0	0	0	0	0	0	1	0	1	0	5
0	0	0	0	0	1	0	0	0	0	0	0	1	0	1	0	5
0	0	0	0	0	1	0	0	0	0	0	0	1	0	1	0	5
0	0	0	0	0	1	0	0	0	0	0	0	1	0	1	0	5
0	0	0	0	0	1	0	0	0	0	0	0	1	0	1	0	5
0	0	0	0	0	1	0	0	0	0	0	0	1	0	1	0	5
0	0	0	0	0	1	0	0	0	0	0	0	1	0	1	0	5